device=Intel(R) Graphics
backend=level_zero
precision=f32_strict
setup_columns=m,k,n,upload_ms,download_ms,primitive_setup_ms,custom_first_ms,onednn_first_ms,device_bytes
sample_columns=m,k,n,trial,custom_ms,onednn_ms
setup,1,96,384,0.8181,0.0696,28.8686,48.3947,0.5542,149376
sample,1,96,384,0,0.0604,0.029
sample,1,96,384,1,0.0416,0.0176
sample,1,96,384,2,0.0396,0.0158
sample,1,96,384,3,0.0402,0.0151
sample,1,96,384,4,0.0394,0.0151
setup,1,2560,640,0.7844,0.0763,6.7994,1.2456,0.4239,6566400
sample,1,2560,640,0,1.1588,0.2407
sample,1,2560,640,1,0.9163,0.1182
sample,1,2560,640,2,0.9092,0.1074
sample,1,2560,640,3,1.0268,0.104
sample,1,2560,640,4,1.1884,0.1194
setup,32,2560,640,0.7875,0.1257,58.4063,2.8367,0.5345,6963200
sample,32,2560,640,0,3.1598,0.1972
sample,32,2560,640,1,2.7903,0.2769
sample,32,2560,640,2,2.6693,0.1928
sample,32,2560,640,3,2.4828,0.1613
sample,32,2560,640,4,2.8044,0.2278
setup,128,2560,640,0.8773,0.2342,60.6138,8.5594,0.5241,8192000
sample,128,2560,640,0,7.5912,0.4635
sample,128,2560,640,1,7.5197,0.4183
sample,128,2560,640,2,7.9055,0.4529
sample,128,2560,640,3,7.3766,0.4029
sample,128,2560,640,4,7.6397,0.5696
setup,1,640,2560,0.7019,0.0646,15.6758,0.7003,0.2045,6566400
sample,1,640,2560,0,0.2415,0.0926
sample,1,640,2560,1,0.2364,0.0893
sample,1,640,2560,2,0.2381,0.092
sample,1,640,2560,3,0.2396,0.0955
sample,1,640,2560,4,0.24,0.0923
setup,32,640,2560,0.9487,0.1281,60.1278,2.3148,0.2465,6963200
sample,32,640,2560,0,2.6005,0.1436
sample,32,640,2560,1,2.2237,0.1168
sample,32,640,2560,2,2.1345,0.1376
sample,32,640,2560,3,2.4261,0.1163
sample,32,640,2560,4,2.0402,0.1454
setup,128,640,2560,0.993,0.3118,122.578,9.4559,0.3749,8192000
sample,128,640,2560,0,9.9273,0.3541
sample,128,640,2560,1,8.9023,0.3116
sample,128,640,2560,2,9.1667,0.3361
sample,128,640,2560,3,9.3175,0.3087
sample,128,640,2560,4,9.3789,0.3331
setup,1,2560,6144,4.1791,0.0937,0.1263,2.6017,1.8352,62949376
sample,1,2560,6144,0,1.8815,1.1451
sample,1,2560,6144,1,1.2859,1.6089
sample,1,2560,6144,2,1.5077,1.7667
sample,1,2560,6144,3,1.4772,0.9287
sample,1,2560,6144,4,1.9433,0.8112
setup,32,2560,6144,6.4602,0.26,0.1364,35.8941,1.1284,64028672
sample,32,2560,6144,0,33.1421,1.2366
sample,32,2560,6144,1,32.9511,0.9802
sample,32,2560,6144,2,33.8164,1.5766
sample,32,2560,6144,3,31.887,0.9981
sample,32,2560,6144,4,34.0299,1.168
setup,128,2560,6144,6.0723,0.5149,0.136,128.731,4.2565,67371008
sample,128,2560,6144,0,123.315,2.8048
sample,128,2560,6144,1,125.623,2.8747
sample,128,2560,6144,2,123.44,3.0982
sample,128,2560,6144,3,129.104,2.6872
sample,128,2560,6144,4,124.771,2.9849
status=pass
